7628900641
7628738123
7628574899
7625399329
7625256654
7625120821
7623497900
7623382418
7623277378
7622509408
7622427421
7620458461
7620317023
7618737893
7618623924
7617683662
7617556834
7617435694
7615132834
7615041849
7614970519
7612330631
7612171311
7611200777
7611104744
7610800301
7610639970
7609623972
7609508221
7609078269
7608928526
7607947782
7607844535
7607427835
7607258435
7586714779
7582895967
7582831124
7581026056
7580940704
7576137256
7575939183
7574122987
7573960667
7572135464
7571996694
7570883827
7570765457
7569466736
7569316229
7557544630
7557462691
7557341376
7556702064
7556566895
7555138065
7555046575
7554987075
7536228366
7536125337
7535996813
7535262841
7535165144
7406531302
7406482053
7406424070
7404828649
7404763579
7402993316
7402943509
7402900929
7391367511
7391247517
7391149823
7381903769
7381789226
7380089990
7379995208
7378930433
7378901250
7378776322
7378710682
7378630668
7378530488
7350558475
7350448037
7350256732
7348581553
7348416028
7348286161
7345632098
7345517322
7343823708
7343661504
7342892396
7342759757
7342392997
7342275176
7341497196
7341386014
7340998716
7340878473
7259457478
7259371344
7259277705
7256735202
7256657251
7254853209
7254792846
7253931818
7253840344
7253504806
7253411133
7252532245
7252370103
7251995865
7251929921
7251044822
7250936095
7250606256
7250537167
7229957170
7229895052
7229857152
7226037931
7225991910
7224811817
7224728114
7224537050
7224477788
7223260756
7223187676
7223038899
7222991963
7221671052
7221629794
7220520161
7220465818
7220352802
7220315256
7211047822
7210923542
7210193343
7210147383
7208854507
7208781888
7207270852
7207181328
7205315055
7205240824
7203895921
7203767882
7203693128
7202668444
7202551081
7199730427
7199658825
7198866748
7198760061
7198433194
7198344928
7197508252
7197402650
7197038591
7196985000
7196096754
7195990034
7195637535
7195522342
7184648065
7184570710
7184467364
7181436558
7181305948
7181201498
7178566993
7178476311
7178353007
7175643119
7175537812
7175408381
7173572232
7173476442
7173384871
7170754221
7170642030
7170542480
7167989840
7167884329
7167761620
7135579490
7135506940
7133936762
7133841296
7132583835
7132446872
7131430596
7131295748
7131165091
7131053213
7129716226
7129627620
7128238477
7128171641
7128037181
7127920538
7126861027
7126746550
7126598086
7126508226
7105440338
7105271070
7103908079
7103785428
7102991914
7102892342
7102489413
7102400334
7101555525
7101482361
7101136299
7101018664
7100205322
7100109847
7099683300
7099579762
7087877329
7087783255
7087681121
7084504027
7084405336
7078737548
7078656739
7076635176
7076537607
7071187534
7071088496
7070948820
7066416318
7066274641
7066137827
7060096979
7059972690
7059915471
7042758933
7042682382
7042581723
7040068957
7040031845
7039984883
7038743496
7038692379
7038659738
7035425915
7035278822
7034035343
7033941156
7033635338
7033515723
7031972698
7031843187
7030758457
7030670666
7030458442
7030329932
7029374511
7029308578
7029003211
7028838271
7017425147
7017382205
7017313311
7017204864
7017067418
7016845182
7016717985
7016168651
7016123692
7016058511
7015478177
7015362525
7015268490
7014462110
7014362593
7014241432
7012322848
7012191718
7012068660
6993214573
6993137960
6993022073
6988008786
6987899414
6985183171
6985074644
6980997788
6980915641
6980811854
6977669287
6977563058
6977464429
6969891404
6969781656
6969682081
6963357532
6963255269
6963156009
6943260616
6943169122
6943072457
6942951565
6942835794
6941443482
6941336182
6939880296
6939786209
6939678647
6933130748
6933042461
6929513835
6929382484
6929268783
6926449572
6926343374
6926207769
6924898906
6924802250
6924562739
6924459659
6813943972
6811035333
6810984589
6810872192
6810822833
6809802856
6809734353
6809523804
6809483969
6808433308
6808292501
6808012161
6807936112
6807772726
6807721747
6806454246
6806364123
6806203596
6806146943
6707754788
6707714718
6707633683
6707542480
6707404142
6707341022
6707292818
6707180517
6705943008
6705859209
6703009587
6702967068
6700243431
6700190162
6700108393
6697038846
6696946760
6695717681
6695644347
6695420843
6695352783
6694194812
6694141682
6693910939
6693813456
6692767297
6692725572
6692516938
6692431963
6676488286
6676393091
6676261920
6676170462
6676051545
6674937284
6674859295
6674755794
6673294013
6673204572
6672801882
6672690521
6671208811
6671156174
6670334916
6670247439
6664659321
6664530045
6661540625
6661416086
6661314147
6656186451
6656104290
6651485760
6651362335
6642653620
6642588774
6636046093
6635889217
6622389299
6622240193
6614749977
6614614959
6574188575
6574108422
6572822253
6572725458
6572659357
6571965781
6571843204
6571732248
6570398588
6570284918
6568705223
6568623245
6568508914
6568401515
6567330746
6567245668
6567132607
6567037281
6550384285
6550281080
6550145939
6549945798
6546748428
6546615970
6544329158
6544267880
6544159035
6461967168
6461861986
6460532417
6460425761
6460318836
6458618044
6458509516
6457485817
6457276195
6457033692
6456897964
6441897700
6441784599
6441651465
6441467536
6441302007
6439531999
6439390776
6437827968
6437700685
6437587566
6388062021
6387972688
6380744310
6380634943
6368990292
6368891824
6368734507
6362760250
6362662278
6332245360
6332139754
6332020917
6331896376
6330680165
6330585349
6330471200
6325361565
6325264009
6323562222
6323423190
6323321587
6318723406
6318591809
6312803086
6312723040
6303275067
6303191331
6227492909
6227419633
6227305557
6227203516
6227105229
6226873670
6226789510
6226709723
6225461282
6225350158
6224010002
6223877657
6223756939
6223446359
6223390469
6221296920
6221203314
6219558229
6219497713
6219447985
6216828976
6216750491
6216515491
6216448394
6215521275
6215413370
6215130639
6215059388
6214292203
6214196190
6213917770
6213850836
6212978366
6212903550
6212664257
6212609431
6174888284
6174804811
6174712950
6174622195
6173366796
6173246264
6172154984
6172054123
6171542154
6171471249
6170849397
6170759302
6170660632
6169342597
6169213827
6169097127
6154941567
6154881115
6154786603
6153147424
6153016177
6150559260
6150473355
6148949678
6148833675
6147522882
6147410481
6145800049
6145699338
6145324743
6145224414
6126777883
6126723290
6126641848
6126559805
6124901372
6124806275
6121664243
6121651009
6121564216
6121456750
6119901330
6119815192
6060523770
6060426279
6060281684
6060129110
6059988105
6058592191
6058468809
6058324141
6057150378
6057040170
6054789053
6054721399
6036636251
6036563229
6035690975
6035584181
6035455715
6031683231
6031206365
6031046560
6030174579
6030085156
6029913487
6029795129
6028212151
6028105868
6027769248
6027661945
6026755074
6026660506
6026329775
6026231485
6022190810
6022084177
6021992480
6021863942
6021740557
6020721562
6020619865
6020510148
6020037333
6019956492
6018939054
6018831940
6018644513
6017439584
6017341467
6004322727
6004209289
6003151774
6003064528
6001218699
6001139487
5998632658
5998535155
5993707971
5993602874
5992627361
5992539304
5992443872
5990790517
5990690956
5989556583
5989448003
5986463007
5986352064
5982906560
5982831921
5982755965
5981781661
5981695119
5981602604
5975250913
5975128197
5964781161
5964685089
5964581547
5952990912
5952853218
5948486847
5948347704
5942484798
5942402971
5942003094
5941839115
5941689002
5940316763
5940129114
5861423846
5861348663
5861243821
5855900204
5855826760
5855716726
5849235757
5849116917
5849009897
5835798818
5835721732
5835584653
5822601915
5822521484
5822405090
5812483306
5812367263
5812244062
5808831153
5808757680
5808624115
5796724331
5796660068
5750892026
5750807693
5750707699
5749234907
5749141470
5749037078
5426647555
5426566982
5426469732
5424997384
5424926416
5423401739
5423308219
5423197257
5418505281
5418395979
5416429723
5416350160
5415274045
5415193648
5400546055
5400448878
5400067902
5399976098
5399901962
5398690471
5398554891
5396903693
5396780792
5396632616
5390328162
5390204666
5390066897
5388334238
5388222178
5384545583
5384431818
5384275091
5382580352
5382419171
5378292557
5378133900
5375839426
5375751497
5374503649
5374392661
5372154264
5372022238
5370231735
5370104824
5363327942
5363208087
5361989853
5361850243
5360111328
5359991931
5357346528
5357190838
5353581788
5353398840
5353198743
5348965919
5348811459
5348603073
5344398255
5344259298
5344079738
5339890118
5339809147
5339732530
5335659941
5335563278
5335436611
5285574816
5285515337
5285406897
5267411413
5267281744
5265878806
5265749200
5264431188
5264362194
5264257467
5264112884
5263000711
5262896910
5262798362
5262408347
5262304650
5236528039
5236437819
5236134089
5236042460
5235123343
5235043338
5234529804
5234394032
5221755458
5221662866
5221478608
5191420737
5191286625
5191009388
5190941713
5189910574
5189854833
5154405059
5153249587
5153110365
5143942285
5143863424
5143758249
5143696157
5143580317
5142514126
5142427287
5142298082
5142197374
5142113545
5141136727
5141077128
5139944036
5139878847
5139814318
5139704245
5139566460
5139484503
5138512694
5138436012
5138031619
5137972601
5137035281
5136953410
5136618210
5136479563
5133497892
5133406502
5133273396
5132162882
5132026459
5117889774
5116113846
5116050864
5114589543
5114536986
5114499946
5098231830
5098161136
5098054250
5097926658
5096686571
5096599544
5092392019
5092325158
4891855782
4891718348
4891314538
4890254708
4889995626
4889722230
4889414157
4786390614
4786170965
4785897790
4782921586
